| REGIONER | (4)
"REGION_NORDJYLLAND" [9]
{ 4
57.8700795 , 10.6896979
57.0546737, 8.2177741
56.6642774, 8.0090339
56.5917581, 10.6347663
}

"REGION_MIDTJYLLAND" [2]
{ 5
56.6642774 , 8.0090339
56.5917581 , 10.6347663
56.4442768 , 11.1511230
55.6527980 , 10.5578613
55.6341979 , 7.9870605
}

"REGION_SYDDANMARK" [2]
{ 6
55.6527980 , 10.5578613
55.6341979 , 7.9870605
54.5911628 , 8.1079102
54.5720617 , 10.8764648
54.8702853 , 10.9313965
55.2290231 , 11.0632324
}

"REGION_SJAELLAND" [2]
{ 9
55.2290231 , 11.0632324
55.7518494 , 10.7519533
56.1700230 , 11.2683108
56.2128141 , 12.4108889
56.0229481 , 12.6800538
55.5410650 , 12.7972413
54.8407725 , 12.6983644
54.4657810 , 11.9567872
54.7742897 , 10.8636476
}

| KOMMUNER | (17)
"REGION_NORDJYLLAND" "AALBORG_KOMMUNE" [2]
{ 4
56.959723 , 9.346375
56.849383 , 10.289005
57.093227 , 10.411231
57.255779 , 9.887900
}

"REGION_NORDJYLLAND" "MARIAGERFJORD_KOMMUNE" [2]
{ 5
56.530717 , 9.522400
56.672833 , 9.560850
56.758750 , 9.868467
56.663767 , 10.063483
56.523133 , 9.799800
}

"REGION_NORDJYLLAND" "BROENDERSLEV_KOMMUNE" [0]
{ 4
57.372950 , 10.158700
57.129283 , 10.466317
57.072600 , 10.427850
57.209700 , 9.895017
}

"REGION_NORDJYLLAND" "FREDERIKSHAVN_KOMMUNE" [0]
{ 8
57.645400 , 10.211800
57.435100 , 10.328983
57.324550 , 10.231933
57.129283 , 10.466317
57.250333 , 10.621950
57.401567 , 10.594483
57.612067 , 10.631100
57.840850 , 10.812383
}

"REGION_NORDJYLLAND" "HJOERRING_KOMMUNE" [0]
{ 5
57.191833 , 9.840083
57.421300 , 9.733883
57.654217 , 9.975583
57.645400 , 10.211800
57.413400 , 10.292367
}

"REGION_NORDJYLLAND" "JAMMERBUGT_KOMMUNE" [0]
{ 4
57.151133 , 8.898933
56.962950 , 9.184567
57.085533 , 9.871217
57.421300 , 9.733883
}

"REGION_NORDJYLLAND" "REBILD_KOMMUNE" [0]
{ 7
56.928483 , 9.621283
56.707517 , 9.654233
56.734650 , 9.744867
56.863983 , 9.854733
56.806900 , 10.222783
56.913500 , 10.266717
56.995883 , 9.681700
}

"REGION_NORDJYLLAND" "VESTHIMMERLAND_KOMMUNE" [0]
{ 6
57.004850 , 9.327400
56.900000 , 9.129633
56.632067 , 9.168083
56.523133 , 9.569100
56.779817 , 9.519650
57.022800 , 9.607550
}

"REGION_NORDJYLLAND" "THISTED_KOMMUNE" [0]
{ 5
57.160083 , 9.107667
57.004850 , 9.118650
56.559483 , 8.640750
56.716567 , 8.069467
57.219617 , 8.618767
}

"REGION_MIDTJYLLAND" "AARHUS_KOMMUNE" [2]
{ 6
56.270504 , 10.446036
56.035809 , 10.311795
55.979313 , 10.202995
56.000241 , 9.967243
56.211122 , 9.945157
56.358218 , 10.231664
}

"REGION_MIDTJYLLAND" "VEJLE_KOMMUNE" [2]
{ 5
55.713887 , 9.779181
55.987274 , 9.294126
55.867518 , 8.976587
55.541839 , 9.219605
55.590939 , 9.718206
}

"REGION_SYDDANMARK" "ESBJERG_KOMMUNE" [2]
{ 5
55.571733 , 8.258588
55.620773 , 8.413559
55.535859 , 8.901250
55.216509 , 8.996787
55.228768 , 8.544201
}

"REGION_SYDDANMARK" "ODENSE_KOMMUNE" [2]
{ 5
55.367751, 10.155977
55.501291, 10.305091
55.457945, 10.520565
55.326323, 10.596764
55.280438, 10.289670
}

"REGION_SJAELLAND" "SLAGELSE_KOMMUNE" [2]
{ 6
55.471471 , 11.172933
55.521953 , 11.469853
55.350480 , 11.562020
55.187888 , 11.524277
55.180525 , 11.175678
55.359886 , 11.076388
}

"REGION_SJAELLAND" "ROSKILDE_KOMMUNE" [2]
{ 5
55.545027 , 11.939657
55.799301 , 12.058669
55.740641 , 12.278890
55.553091 , 12.212819
55.504515 , 12.050666
}

| OMRAADER | (16)
"REGION_NORDJYLLAND" #AALBORG_KOMMUNE# "AALBORG_BY" [50]
{ 13
57.057633 , 9.894783
57.047917 , 9.870750
57.037183 , 9.855317
57.014667 , 9.871450
57.003533 , 9.900050
57.029517 , 9.926667
57.013350 , 9.927350
57.017750 , 9.954467
57.030083 , 9.970950
57.048950 , 9.969233
57.050900 , 9.948983
57.048567 , 9.931983
57.054833 , 9.911733
}

"REGION_NORDJYLLAND" #AALBORG_KOMMUNE# "AALBORG_MOTORVEJ" [130]
{ 26
57.026267 , 9.924433
57.017900 , 9.921833
57.012667 , 9.921833
57.007050 , 9.911550
57.002983 , 9.907783
56.997550 , 9.904867
56.992783 , 9.898850
56.987883 , 9.887267
56.985417 , 9.882683
56.982283 , 9.879333
56.976433 , 9.877450
56.965300 , 9.874800
56.952517 , 9.865467
56.951950 , 9.869750
56.964967 , 9.878433
56.976233 , 9.880167
56.981800 , 9.881883
56.984800 , 9.885150
56.987033 , 9.889150
56.991617 , 9.901850
56.997133 , 9.908033
57.002983 , 9.910867
57.006650 , 9.913867
57.011233 , 9.924317
57.018250 , 9.924917
57.026250 , 9.927267
}

"REGION_NORDJYLLAND" #HOBRO_KOMMUNE# "HOBRO_BY" [50]
{ 12
56.620917 , 9.800833
56.629417 , 9.790183
56.640183 , 9.781617
56.641500 , 9.773033
56.651700 , 9.766850
56.663200 , 9.778517
56.656417 , 9.793967
56.654150 , 9.814917
56.644333 , 9.816283
56.638867 , 9.799800
56.632817 , 9.831383
56.623383 , 9.820750
}

"REGION_NORDJYLLAND" #AALBORG_KOMMUNE# "E45" [130]
{ 59
56.663683 , 9.732850
56.674050 , 9.731650
56.681417 , 9.730450
56.689800 , 9.727533
56.701683 , 9.727700
56.710350 , 9.726850
56.718450 , 9.720333
56.732767 , 9.702817
56.745567 , 9.695267
56.763450 , 9.691150
56.779817 , 9.694067
56.791283 , 9.701617
56.800133 , 9.708317
56.815917 , 9.713283
56.832200 , 9.726050
56.843833 , 9.740917
56.851733 , 9.756033
56.861017 , 9.770683
56.870400 , 9.788883
56.879217 , 9.800717
56.896217 , 9.814850
56.907500 , 9.832083
56.912383 , 9.837233
56.933733 , 9.846500
56.953767 , 9.866067
56.967567 , 9.875217
56.984217 , 9.878650
56.991883 , 9.892050
56.995817 , 9.900967
57.008333 , 9.909550
57.003950 , 9.917300
56.994200 , 9.908300
56.982967 , 9.884600
56.967067 , 9.880050
56.952650 , 9.870183
56.932150 , 9.854567
56.910900 , 9.842717
56.903967 , 9.839117
56.893567 , 9.820233
56.877117 , 9.805467
56.868500 , 9.792417
56.857800 , 9.774233
56.849350 , 9.760317
56.841467 , 9.744017
56.830950 , 9.731483
56.815167 , 9.719117
56.799883 , 9.712767
56.789917 , 9.707167
56.779383 , 9.698750
56.763067 , 9.696300
56.745950 , 9.700750
56.733150 , 9.707967
56.719767 , 9.724783
56.709883 , 9.732167
56.701767 , 9.732517
56.689517 , 9.731833
56.681133 , 9.734567
56.674250 , 9.735950
56.663117 , 9.736800
}

"REGION_MIDTJYLLAND" #AARHUS_KOMMUNE# "AARHUS_BY" [50]
{ 7
56.364946 , 9.880829
56.360807 , 10.284620
56.437764 , 10.325619
56.531104 , 10.254109
56.684910 , 10.437771
56.736938 , 10.350884
56.555294 , 9.737074
}

"REGION_MIDTJYLLAND" #AARHUS_KOMMUNE# "MOTORVEJ" [130]
{ 7
56.364946 , 9.880829
56.360807 , 10.284620
56.437764 , 10.325619
56.531104 , 10.254109
56.684910 , 10.437771
56.736938 , 10.350884
56.555294 , 9.737074
}

"REGION_MIDTJYLLAND" #VEJLE_KOMMUNE# "VEJLE_BY" [50]
{ 7
56.364946 , 9.880829
56.360807 , 10.284620
56.437764 , 10.325619
56.531104 , 10.254109
56.684910 , 10.437771
56.736938 , 10.350884
56.555294 , 9.737074
}

"REGION_MIDTJYLLAND" #VEJLE_KOMMUNE# "MOTORVEJ" [130]
{ 7
56.364946 , 9.880829
56.360807 , 10.284620
56.437764 , 10.325619
56.531104 , 10.254109
56.684910 , 10.437771
56.736938 , 10.350884
56.555294 , 9.737074
}

"REGION_SYDDANMARK" #ESBJERG_KOMMUNE# "ESBJERG_BY" [50]
{ 7
56.364946 , 9.880829
56.360807 , 10.284620
56.437764 , 10.325619
56.531104 , 10.254109
56.684910 , 10.437771
56.736938 , 10.350884
56.555294 , 9.737074
}

"REGION_SYDDANMARK" #ESBJERG_KOMMUNE# "MOTORVEJ" [130]
{ 7
56.364946 , 9.880829
56.360807 , 10.284620
56.437764 , 10.325619
56.531104 , 10.254109
56.684910 , 10.437771
56.736938 , 10.350884
56.555294 , 9.737074
}

"REGION_SYDDANMARK" #ODENSE_KOMMUNE# "ODENSE_BY" [50]
{ 7
56.364946 , 9.880829
56.360807 , 10.284620
56.437764 , 10.325619
56.531104 , 10.254109
56.684910 , 10.437771
56.736938 , 10.350884
56.555294 , 9.737074
}

"REGION_SYDDANMARK" #ODENSE_KOMMUNE# "MOTORVEJ" [130]
{ 7
56.364946 , 9.880829
56.360807 , 10.284620
56.437764 , 10.325619
56.531104 , 10.254109
56.684910 , 10.437771
56.736938 , 10.350884
56.555294 , 9.737074
}

"REGION_SJAELLAND" #SLAGELSE_KOMMUNE# "SLAGELSE_BY" [50]
{ 7
56.364946 , 9.880829
56.360807 , 10.284620
56.437764 , 10.325619
56.531104 , 10.254109
56.684910 , 10.437771
56.736938 , 10.350884
56.555294 , 9.737074
}

"REGION_SJAELLAND" #SLAGELSE_KOMMUNE# "MOTORVEJ" [130]
{ 7
56.364946 , 9.880829
56.360807 , 10.284620
56.437764 , 10.325619
56.531104 , 10.254109
56.684910 , 10.437771
56.736938 , 10.350884
56.555294 , 9.737074
}

"REGION_SJAELLAND" #ROSKILDE_KOMMUNE# "ROSKILDE_BY" [50]
{ 7
56.364946 , 9.880829
56.360807 , 10.284620
56.437764 , 10.325619
56.531104 , 10.254109
56.684910 , 10.437771
56.736938 , 10.350884
56.555294 , 9.737074
}

"REGION_SJAELLAND" #ROSKILDE_KOMMUNE# "MOTORVEJ" [130]
{ 7
56.364946 , 9.880829
56.360807 , 10.284620
56.437764 , 10.325619
56.531104 , 10.254109
56.684910 , 10.437771
56.736938 , 10.350884
56.555294 , 9.737074
}